[array([ 0.80108293,  0.67399233,  0.92363247,  0.93773444,  0.89605771,
        0.94395537,  0.94736921,  0.73196642,  0.87295276,  0.73491134,
        0.89159336,  0.94169048,  0.90595214,  0.69987169,  0.94599074,
        0.94133144,  0.78533282,  0.81781328, -0.16666667]), array([ 2.20238726,  1.07523466,  0.        ,  5.74582668,  0.        ,
        6.353775  ,  0.        ,  0.        ,  0.        ,  5.8688203 ,
        0.        ,  0.33952227,  0.        ,  0.        ,  2.67816645,
        1.16452912,  0.        ,  3.07931174,  3.17698256,  1.18905102,
        0.        ,  1.90465527,  1.63884351,  0.16754851,  3.61073952,
        1.21613089,  0.        ,  7.71429341,  8.58239467,  0.        ,
        6.95843196,  0.        , 11.46358443,  4.74895112,  0.25190656,
        2.26067266,  1.44384765,  1.98015639,  1.71901041,  2.938977  ,
        0.        ,  0.40017591,  2.41233751,  0.        ,  0.30195025,
        0.        ,  2.47810291,  0.        ,  1.77079888,  3.26773031,
        3.84797227,  5.36417132,  0.        ,  0.        ,  0.        ,
        0.        ,  3.40328348,  1.94783731,  0.        ,  0.        ,
        2.4487918 ,  1.74735264,  2.05392349,  6.48290268]), array([38.08674931,  0.        , 13.09860544, 43.37208535,  5.42196762,
        0.        , 38.94676514, 42.08106968, 20.33464688,  0.        ,
        0.        ,  0.        ,  0.        ,  0.        ,  0.        ,
       68.75250642, 38.10390716,  0.        ,  0.        ,  3.3447528 ,
       49.81667749, 16.34968547,  0.        ,  0.6151492 ,  0.        ,
       35.42005846,  0.        ,  4.35833463,  0.        ,  9.28243385,
        0.        ,  0.        ,  9.18266084, 13.28051757,  0.        ,
        0.        ,  2.0566696 ,  0.        ,  0.        , 27.62099676,
       20.8527413 ,  2.52019214, 21.44301454,  0.        ,  0.        ,
       31.70066531, 29.23330315,  0.        ,  4.81849098, 29.83745752,
        0.        , 15.02273803, 20.13639517, 17.11708266,  0.        ,
       11.94297759,  0.        ,  0.        ,  0.        ,  7.70662049,
       15.08114228,  0.        , 37.65401669,  0.        ]), array([ -10.19058264,  -73.39278784, -108.53650634, -296.55393108,
        251.32729995])]